000000000000000000000000000000
002222222222220022222222222200
002000020000020020000020000200
003000020000020020000020000300
002000020000020020000020000200
002222222222222222222222222200
002000020020000000020020000200
002000020020000000020020000200
002222220022220022220022222200
000000020000010010000020000000
000000020000010010000020000000
000000020011111111110020000000
000000020010001100010020000000
111111121110115511011121111111
000000020010000000010020000000
000000020011111111110020000000
000000020010000000010020000000
000000020010000000010020000000
002222222222220022222222222200
002000020000020020000020000200
002000020000020020000020000200
003220022222224222222220022300
000020020020000000020020020000
000020020020000000020020020000
002222220022220022220022222200
002000000000020020000000000200
002000000000020020000000000200
002222222222222222222222222200
000000000000000000000000000000
